[
    {
        "epoch": 1,
        "iteration": 10,
        "gen/loss": 38.88276290893555,
        "dis/loss": 0.4921436905860901
    },
    {
        "epoch": 1,
        "iteration": 20,
        "gen/loss": 31.811443328857422,
        "dis/loss": 0.10094083845615387
    },
    {
        "epoch": 1,
        "iteration": 30,
        "gen/loss": 73.27992248535156,
        "dis/loss": 0.05627081170678139
    },
    {
        "epoch": 1,
        "iteration": 40,
        "gen/loss": 45.95222473144531,
        "dis/loss": 0.04125591740012169
    }
]